9
9 9 1
27
9 0 1 2 3 4 5 6 7 8 
9 9 10 11 12 13 14 15 16 17 
9 18 19 20 21 22 23 24 25 26 
9 27 28 29 30 31 32 33 34 35 
9 36 37 38 39 40 41 42 43 44 
9 45 46 47 48 49 50 51 52 53 
9 54 55 56 57 58 59 60 61 62 
9 63 64 65 66 67 68 69 70 71 
9 72 73 74 75 76 77 78 79 80 
9 0 9 18 27 36 45 54 63 72 
9 1 10 19 28 37 46 55 64 73 
9 2 11 20 29 38 47 56 65 74 
9 3 12 21 30 39 48 57 66 75 
9 4 13 22 31 40 49 58 67 76 
9 5 14 23 32 41 50 59 68 77 
9 6 15 24 33 42 51 60 69 78 
9 7 16 25 34 43 52 61 70 79 
9 8 17 26 35 44 53 62 71 80 
9 0 1 2 9 10 28 18 19 20 
9 3 4 5 12 13 11 21 22 23 
9 6 7 8 15 16 17 24 14 26 
9 27 55 29 36 37 38 45 46 47 
9 30 31 32 39 40 41 48 49 50 
9 33 34 35 42 43 44 51 25 53 
9 54 66 56 63 64 65 72 73 74 
9 57 58 59 69 67 68 75 76 77 
9 60 61 62 52 70 71 78 79 80


